# ------------------------------------------------------------------------
# Radiance spectrum
# NASA-GSFC Planetary Spectrum Generator (PSG) (Villanueva et al. 2018)
# Synthesized on Sat Nov 20 02:39:36 2021
# ------------------------------------------------------------------------
# Atmospheric radiances synthesized with PUMAS (Villanueva et al. 2018, Smith et al. 2009, Edwards 1992)
# Molecular abundance profile: Earth at 0 m, NASA/MERRA2 2020/04/08
# Molecules considered: H2O,CO2,O3,N2O,CO,CH4,O2,N2
# Molecular sources: HIT[1],HIT[2],HIT[3],HIT[4],HIT[5],HIT[6],HIT[7],HIT[22]
# Molecular abundances: 1,1,1,1,1,1,1,1
# Molecular abundance units: scl,scl,scl,scl,scl,scl,scl,scl
# Collissional partners: Air:100%, H2:0%, He:0%, CO2:0%
# UV cross-sections included:  H2O CO2 O3 N2O CO CH4 O2 N2
# Collision-Induced-Absorption:  H2O-H2O  H2O-N2  O2-CO2  O2-N2  O2-O2 
# Rayleigh scattering included
# ------------------------------------------------------------------------
# Doppler velocities [km/s] (vobs,vrot+vorb,vwidth,vrfl,vstr): 0.00000,0.00000,0.01000,0.00000,0.00000
# Spectral unit: Wavelength[nm]
# Radiance unit: I/F [apparent albedo]
# Wave/freq Total Earth
3.000000000e+02  6.4334092e-03  6.43341e-03
3.006000000e+02  7.5092531e-03  7.50925e-03
3.012012000e+02  1.0193499e-02  1.01935e-02
3.018036024e+02  1.2650567e-02  1.26506e-02
3.024072096e+02  1.5612738e-02  1.56127e-02
3.030120240e+02  2.1321373e-02  2.13214e-02
3.036180481e+02  2.6079036e-02  2.60790e-02
3.042252842e+02  2.9735076e-02  2.97351e-02
3.048337347e+02  3.8913744e-02  3.89137e-02
3.054434022e+02  4.9890806e-02  4.98908e-02
3.060542890e+02  5.4629019e-02  5.46290e-02
3.066663976e+02  6.3103063e-02  6.31031e-02
3.072797304e+02  8.1477884e-02  8.14779e-02
3.078942898e+02  9.1999661e-02  9.19997e-02
3.085100784e+02  9.9885050e-02  9.98851e-02
3.091270986e+02  1.1030387e-01  1.10304e-01
3.097453528e+02  1.3723905e-01  1.37239e-01
3.103648435e+02  1.4553306e-01  1.45533e-01
3.109855732e+02  1.5766671e-01  1.57667e-01
3.116075443e+02  1.6691968e-01  1.66920e-01
3.122307594e+02  1.9314147e-01  1.93141e-01
3.128552209e+02  2.1162442e-01  2.11624e-01
3.134809314e+02  2.0917811e-01  2.09178e-01
3.141078932e+02  2.3182130e-01  2.31821e-01
3.147361090e+02  2.6175948e-01  2.61759e-01
3.153655812e+02  2.5772520e-01  2.57725e-01
3.159963124e+02  2.7255264e-01  2.72553e-01
3.166283050e+02  3.0141655e-01  3.01417e-01
3.172615616e+02  2.9902103e-01  2.99021e-01
3.178960848e+02  3.0077080e-01  3.00771e-01
3.185318769e+02  3.3862359e-01  3.38624e-01
3.191689407e+02  3.5233003e-01  3.52330e-01
3.198072786e+02  3.3051547e-01  3.30515e-01
3.204468931e+02  3.5188209e-01  3.51882e-01
3.210877869e+02  3.8853399e-01  3.88534e-01
3.217299625e+02  3.8617329e-01  3.86173e-01
3.223734224e+02  3.6223707e-01  3.62237e-01
3.230181692e+02  3.8092608e-01  3.80926e-01
3.236642056e+02  4.2040505e-01  4.20405e-01
3.243115340e+02  4.1876311e-01  4.18763e-01
3.249601571e+02  3.9180977e-01  3.91810e-01
3.256100774e+02  4.0498684e-01  4.04987e-01
3.262612975e+02  4.3223267e-01  4.32233e-01
3.269138201e+02  4.3909599e-01  4.39096e-01
3.275676478e+02  4.2611422e-01  4.26114e-01
3.282227831e+02  4.1451276e-01  4.14513e-01
3.288792286e+02  4.4289720e-01  4.42897e-01
3.295369871e+02  4.5331050e-01  4.53311e-01
3.301960611e+02  4.4561257e-01  4.45613e-01
3.308564532e+02  4.3499539e-01  4.34995e-01
3.315181661e+02  4.3944933e-01  4.39449e-01
3.321812024e+02  4.5516446e-01  4.55164e-01
3.328455648e+02  4.5768579e-01  4.57686e-01
3.335112560e+02  4.4886096e-01  4.48861e-01
3.341782785e+02  4.4733473e-01  4.47335e-01
3.348466350e+02  4.5721014e-01  4.57210e-01
3.355163283e+02  4.6180402e-01  4.61804e-01
3.361873610e+02  4.6031567e-01  4.60316e-01
3.368597357e+02  4.5467319e-01  4.54673e-01
3.375334551e+02  4.4970305e-01  4.49703e-01
3.382085221e+02  4.5838182e-01  4.58382e-01
3.388849391e+02  4.6149026e-01  4.61490e-01
3.395627090e+02  4.6054374e-01  4.60544e-01
3.402418344e+02  4.5548890e-01  4.55489e-01
3.409223181e+02  4.5878663e-01  4.58787e-01
3.416041627e+02  4.6081979e-01  4.60820e-01
3.422873710e+02  4.6075276e-01  4.60753e-01
3.429719458e+02  4.5962878e-01  4.59629e-01
3.436578897e+02  4.5735451e-01  4.57355e-01
3.443452054e+02  4.5499603e-01  4.54996e-01
3.450338958e+02  4.5813589e-01  4.58136e-01
3.457239636e+02  4.5910533e-01  4.59105e-01
3.464154116e+02  4.5944816e-01  4.59448e-01
3.471082424e+02  4.5852060e-01  4.58521e-01
3.478024589e+02  4.5833743e-01  4.58337e-01
3.484980638e+02  4.5866356e-01  4.58664e-01
3.491950599e+02  4.5842542e-01  4.58425e-01
3.498934500e+02  4.5790832e-01  4.57908e-01
3.505932369e+02  4.5749276e-01  4.57493e-01
3.512944234e+02  4.5621417e-01  4.56214e-01
3.519970123e+02  4.5575875e-01  4.55759e-01
3.527010063e+02  4.5585379e-01  4.55854e-01
3.534064083e+02  4.5571335e-01  4.55713e-01
3.541132211e+02  4.5538348e-01  4.55383e-01
3.548214476e+02  4.5478532e-01  4.54785e-01
3.555310905e+02  4.5420312e-01  4.54203e-01
3.562421526e+02  4.5360679e-01  4.53607e-01
3.569546369e+02  4.5273820e-01  4.52738e-01
3.576685462e+02  4.5180191e-01  4.51802e-01
3.583838833e+02  4.5067443e-01  4.50674e-01
3.591006511e+02  4.4929991e-01  4.49300e-01
3.598188524e+02  4.4794574e-01  4.47946e-01
3.605384901e+02  4.4719058e-01  4.47191e-01
3.612595671e+02  4.4703724e-01  4.47037e-01
3.619820862e+02  4.4806045e-01  4.48060e-01
3.627060504e+02  4.4920147e-01  4.49201e-01
3.634314625e+02  4.4978293e-01  4.49783e-01
3.641583254e+02  4.4992816e-01  4.49928e-01
3.648866420e+02  4.4979233e-01  4.49792e-01
3.656164153e+02  4.4955829e-01  4.49558e-01
3.663476482e+02  4.4927198e-01  4.49272e-01
3.670803435e+02  4.4894779e-01  4.48948e-01
3.678145041e+02  4.4859465e-01  4.48595e-01
3.685501331e+02  4.4821424e-01  4.48214e-01
3.692872334e+02  4.4786738e-01  4.47867e-01
3.700258079e+02  4.4752423e-01  4.47524e-01
3.707658595e+02  4.4717327e-01  4.47173e-01
3.715073912e+02  4.4682458e-01  4.46825e-01
3.722504060e+02  4.4647805e-01  4.46478e-01
3.729949068e+02  4.4612436e-01  4.46124e-01
3.737408966e+02  4.4575553e-01  4.45756e-01
3.744883784e+02  4.4538978e-01  4.45390e-01
3.752373552e+02  4.4500180e-01  4.45002e-01
3.759878299e+02  4.4456204e-01  4.44562e-01
3.767398055e+02  4.4402070e-01  4.44021e-01
3.774932852e+02  4.4332103e-01  4.43321e-01
3.782482717e+02  4.4239742e-01  4.42397e-01
3.790047683e+02  4.4135298e-01  4.41353e-01
3.797627778e+02  4.4046410e-01  4.40464e-01
3.805223034e+02  4.4000210e-01  4.40002e-01
3.812833480e+02  4.4012927e-01  4.40129e-01
3.820459147e+02  4.4058246e-01  4.40582e-01
3.828100065e+02  4.4095474e-01  4.40955e-01
3.835756265e+02  4.4109978e-01  4.41100e-01
3.843427778e+02  4.4105668e-01  4.41057e-01
3.851114633e+02  4.4089082e-01  4.40891e-01
3.858816862e+02  4.4065471e-01  4.40655e-01
3.866534496e+02  4.4038191e-01  4.40382e-01
3.874267565e+02  4.4008870e-01  4.40089e-01
3.882016100e+02  4.3978802e-01  4.39788e-01
3.889780132e+02  4.3947047e-01  4.39470e-01
3.897559693e+02  4.3912593e-01  4.39126e-01
3.905354812e+02  4.3877736e-01  4.38777e-01
3.913165522e+02  4.3849973e-01  4.38500e-01
3.920991853e+02  4.3825731e-01  4.38257e-01
3.928833836e+02  4.3793986e-01  4.37940e-01
3.936691504e+02  4.3771461e-01  4.37715e-01
3.944564887e+02  4.3744668e-01  4.37447e-01
3.952454017e+02  4.3713247e-01  4.37132e-01
3.960358925e+02  4.3676019e-01  4.36760e-01
3.968279643e+02  4.3596415e-01  4.35964e-01
3.976216202e+02  4.3553013e-01  4.35530e-01
3.984168635e+02  4.3557847e-01  4.35578e-01
3.992136972e+02  4.3522131e-01  4.35221e-01
4.000121246e+02  4.3512475e-01  4.35125e-01
4.008121488e+02  4.3502690e-01  4.35027e-01
4.016137731e+02  4.3482779e-01  4.34828e-01
4.024170007e+02  4.3465952e-01  4.34660e-01
4.032218347e+02  4.3443181e-01  4.34432e-01
4.040282783e+02  4.3419854e-01  4.34199e-01
4.048363349e+02  4.3397474e-01  4.33975e-01
4.056460076e+02  4.3373878e-01  4.33739e-01
4.064572996e+02  4.3348797e-01  4.33488e-01
4.072702142e+02  4.3322952e-01  4.33230e-01
4.080847546e+02  4.3295978e-01  4.32960e-01
4.089009241e+02  4.3270296e-01  4.32703e-01
4.097187260e+02  4.3245887e-01  4.32459e-01
4.105381634e+02  4.3221790e-01  4.32218e-01
4.113592397e+02  4.3198225e-01  4.31982e-01
4.121819582e+02  4.3174660e-01  4.31747e-01
4.130063221e+02  4.3149562e-01  4.31496e-01
4.138323348e+02  4.3125397e-01  4.31254e-01
4.146599995e+02  4.3094015e-01  4.30940e-01
4.154893195e+02  4.3052431e-01  4.30524e-01
4.163202981e+02  4.2984736e-01  4.29847e-01
4.171529387e+02  4.2998567e-01  4.29986e-01
4.179872446e+02  4.2977920e-01  4.29779e-01
4.188232191e+02  4.2959692e-01  4.29597e-01
4.196608655e+02  4.2948522e-01  4.29485e-01
4.205001872e+02  4.2934799e-01  4.29348e-01
4.213411876e+02  4.2914683e-01  4.29147e-01
4.221838700e+02  4.2891263e-01  4.28913e-01
4.230282377e+02  4.2866360e-01  4.28664e-01
4.238742942e+02  4.2840851e-01  4.28409e-01
4.247220428e+02  4.2812758e-01  4.28128e-01
4.255714869e+02  4.2784419e-01  4.27844e-01
4.264226298e+02  4.2756802e-01  4.27568e-01
4.272754751e+02  4.2743478e-01  4.27435e-01
4.281300260e+02  4.2728772e-01  4.27288e-01
4.289862861e+02  4.2709248e-01  4.27092e-01
4.298442587e+02  4.2693582e-01  4.26936e-01
4.307039472e+02  4.2674705e-01  4.26747e-01
4.315653551e+02  4.2650728e-01  4.26507e-01
4.324284858e+02  4.2626499e-01  4.26265e-01
4.332933428e+02  4.2604152e-01  4.26042e-01
4.341599294e+02  4.2584507e-01  4.25845e-01
4.350282493e+02  4.2566329e-01  4.25663e-01
4.358983058e+02  4.2546851e-01  4.25469e-01
4.367701024e+02  4.2526571e-01  4.25266e-01
4.376436426e+02  4.2500863e-01  4.25009e-01
4.385189299e+02  4.2469494e-01  4.24695e-01
4.393959678e+02  4.2429067e-01  4.24291e-01
4.402747597e+02  4.2382023e-01  4.23820e-01
4.411553092e+02  4.2296322e-01  4.22963e-01
4.420376198e+02  4.2206612e-01  4.22066e-01
4.429216951e+02  4.1867348e-01  4.18673e-01
4.438075385e+02  4.2138604e-01  4.21386e-01
4.446951535e+02  4.2041895e-01  4.20419e-01
4.455845439e+02  4.2023484e-01  4.20235e-01
4.464757129e+02  4.2097632e-01  4.20976e-01
4.473686644e+02  4.2109870e-01  4.21099e-01
4.482634017e+02  4.2166859e-01  4.21669e-01
4.491599285e+02  4.2174999e-01  4.21750e-01
4.500582484e+02  4.2172630e-01  4.21726e-01
4.509583649e+02  4.2161535e-01  4.21615e-01
4.518602816e+02  4.2151561e-01  4.21516e-01
4.527640021e+02  4.2133310e-01  4.21333e-01
4.536695301e+02  4.2123614e-01  4.21236e-01
4.545768692e+02  4.2099851e-01  4.20999e-01
4.554860229e+02  4.2075140e-01  4.20751e-01
4.563969950e+02  4.2042182e-01  4.20422e-01
4.573097890e+02  4.2007760e-01  4.20078e-01
4.582244086e+02  4.1970514e-01  4.19705e-01
4.591408574e+02  4.1932792e-01  4.19328e-01
4.600591391e+02  4.1895814e-01  4.18958e-01
4.609792574e+02  4.1866056e-01  4.18661e-01
4.619012159e+02  4.1844344e-01  4.18443e-01
4.628250183e+02  4.1832550e-01  4.18326e-01
4.637506684e+02  4.1826702e-01  4.18267e-01
4.646781697e+02  4.1822107e-01  4.18221e-01
4.656075260e+02  4.1810449e-01  4.18104e-01
4.665387411e+02  4.1765438e-01  4.17654e-01
4.674718186e+02  4.1690864e-01  4.16909e-01
4.684067622e+02  4.1641476e-01  4.16415e-01
4.693435757e+02  4.1513929e-01  4.15139e-01
4.702822629e+02  4.1495281e-01  4.14953e-01
4.712228274e+02  4.1447308e-01  4.14473e-01
4.721652731e+02  4.1422061e-01  4.14221e-01
4.731096036e+02  4.1330150e-01  4.13301e-01
4.740558228e+02  4.1287333e-01  4.12873e-01
4.750039345e+02  4.1178413e-01  4.11784e-01
4.759539423e+02  4.0994825e-01  4.09948e-01
4.769058502e+02  4.0842371e-01  4.08424e-01
4.778596619e+02  4.0851102e-01  4.08511e-01
4.788153812e+02  4.0930885e-01  4.09309e-01
4.797730120e+02  4.1027826e-01  4.10278e-01
4.807325580e+02  4.1106660e-01  4.11067e-01
4.816940231e+02  4.1160243e-01  4.11602e-01
4.826574112e+02  4.1197438e-01  4.11974e-01
4.836227260e+02  4.1215993e-01  4.12160e-01
4.845899715e+02  4.1162218e-01  4.11622e-01
4.855591514e+02  4.1149370e-01  4.11494e-01
4.865302697e+02  4.1203438e-01  4.12034e-01
4.875033302e+02  4.1170663e-01  4.11707e-01
4.884783369e+02  4.1177750e-01  4.11778e-01
4.894552936e+02  4.1132881e-01  4.11329e-01
4.904342042e+02  4.1145199e-01  4.11452e-01
4.914150726e+02  4.1128941e-01  4.11289e-01
4.923979027e+02  4.1116553e-01  4.11166e-01
4.933826985e+02  4.1115821e-01  4.11158e-01
4.943694639e+02  4.1105369e-01  4.11054e-01
4.953582028e+02  4.1088021e-01  4.10880e-01
4.963489193e+02  4.1057923e-01  4.10579e-01
4.973416171e+02  4.1013145e-01  4.10131e-01
4.983363003e+02  4.0937187e-01  4.09372e-01
4.993329729e+02  4.0850920e-01  4.08509e-01
5.003316389e+02  4.0720282e-01  4.07203e-01
5.013323022e+02  4.0504234e-01  4.05042e-01
5.023349668e+02  4.0248634e-01  4.02486e-01
5.033396367e+02  3.9182019e-01  3.91820e-01
5.043463160e+02  3.8902310e-01  3.89023e-01
5.053550086e+02  3.9617329e-01  3.96173e-01
5.063657186e+02  3.9525253e-01  3.95253e-01
5.073784501e+02  3.9438585e-01  3.94386e-01
5.083932070e+02  3.9643177e-01  3.96432e-01
5.094099934e+02  4.0000914e-01  4.00009e-01
5.104288134e+02  4.0221455e-01  4.02215e-01
5.114496710e+02  4.0329167e-01  4.03292e-01
5.124725703e+02  4.0401944e-01  4.04019e-01
5.134975155e+02  4.0436129e-01  4.04361e-01
5.145245105e+02  4.0432011e-01  4.04320e-01
5.155535595e+02  4.0404914e-01  4.04049e-01
5.165846666e+02  4.0377699e-01  4.03777e-01
5.176178360e+02  4.0353410e-01  4.03534e-01
5.186530716e+02  4.0325720e-01  4.03257e-01
5.196903778e+02  4.0293496e-01  4.02935e-01
5.207297585e+02  4.0257309e-01  4.02573e-01
5.217712181e+02  4.0207406e-01  4.02074e-01
5.228147605e+02  4.0141228e-01  4.01412e-01
5.238603900e+02  3.9989186e-01  3.99892e-01
5.249081108e+02  3.9875994e-01  3.98760e-01
5.259579270e+02  3.9903914e-01  3.99039e-01
5.270098429e+02  3.9754090e-01  3.97541e-01
5.280638626e+02  3.9714933e-01  3.97149e-01
5.291199903e+02  3.9628180e-01  3.96282e-01
5.301782303e+02  3.9545814e-01  3.95458e-01
5.312385867e+02  3.9519095e-01  3.95191e-01
5.323010639e+02  3.9475253e-01  3.94753e-01
5.333656660e+02  3.9468503e-01  3.94685e-01
5.344323974e+02  3.9477596e-01  3.94776e-01
5.355012621e+02  3.9489460e-01  3.94895e-01
5.365722647e+02  3.9488261e-01  3.94883e-01
5.376454092e+02  3.9484361e-01  3.94844e-01
5.387207000e+02  3.9413301e-01  3.94133e-01
5.397981414e+02  3.9257626e-01  3.92576e-01
5.408777377e+02  3.8800263e-01  3.88003e-01
5.419594932e+02  3.8680526e-01  3.86805e-01
5.430434122e+02  3.8920457e-01  3.89205e-01
5.441294990e+02  3.8794726e-01  3.87947e-01
5.452177580e+02  3.8749038e-01  3.87490e-01
5.463081935e+02  3.8558650e-01  3.85587e-01
5.474008099e+02  3.8861537e-01  3.88615e-01
5.484956115e+02  3.9003442e-01  3.90034e-01
5.495926027e+02  3.8974622e-01  3.89746e-01
5.506917879e+02  3.9027125e-01  3.90271e-01
5.517931715e+02  3.9067830e-01  3.90678e-01
5.528967579e+02  3.9053179e-01  3.90532e-01
5.540025514e+02  3.9034602e-01  3.90346e-01
5.551105565e+02  3.8997423e-01  3.89974e-01
5.562207776e+02  3.8954745e-01  3.89547e-01
5.573332191e+02  3.8892799e-01  3.88928e-01
5.584478856e+02  3.8816331e-01  3.88163e-01
5.595647813e+02  3.8728216e-01  3.87282e-01
5.606839109e+02  3.8633219e-01  3.86332e-01
5.618052787e+02  3.8549943e-01  3.85499e-01
5.629288893e+02  3.8458424e-01  3.84584e-01
5.640547471e+02  3.8374142e-01  3.83741e-01
5.651828566e+02  3.8278041e-01  3.82780e-01
5.663132223e+02  3.8137432e-01  3.81374e-01
5.674458487e+02  3.7872148e-01  3.78721e-01
5.685807404e+02  3.6635883e-01  3.66359e-01
5.697179019e+02  3.6565939e-01  3.65659e-01
5.708573377e+02  3.7288630e-01  3.72886e-01
5.719990524e+02  3.6672422e-01  3.66724e-01
5.731430505e+02  3.6685469e-01  3.66855e-01
5.742893366e+02  3.6355526e-01  3.63555e-01
5.754379153e+02  3.6621775e-01  3.66218e-01
5.765887911e+02  3.6707580e-01  3.67076e-01
5.777419687e+02  3.6711868e-01  3.67119e-01
5.788974526e+02  3.6981063e-01  3.69811e-01
5.800552475e+02  3.7307139e-01  3.73071e-01
5.812153580e+02  3.7566740e-01  3.75667e-01
5.823777887e+02  3.7748514e-01  3.77485e-01
5.835425443e+02  3.7850368e-01  3.78504e-01
5.847096294e+02  3.7845248e-01  3.78452e-01
5.858790486e+02  3.7766611e-01  3.77666e-01
5.870508067e+02  3.7143724e-01  3.71437e-01
5.882249084e+02  3.3940366e-01  3.39404e-01
5.894013582e+02  3.1830677e-01  3.18307e-01
5.905801609e+02  3.2600893e-01  3.26009e-01
5.917613212e+02  3.2764112e-01  3.27641e-01
5.929448439e+02  3.3930943e-01  3.39309e-01
5.941307335e+02  3.2950387e-01  3.29504e-01
5.953189950e+02  3.3577156e-01  3.35772e-01
5.965096330e+02  3.4364583e-01  3.43646e-01
5.977026523e+02  3.5199353e-01  3.51994e-01
5.988980576e+02  3.5889797e-01  3.58898e-01
6.000958537e+02  3.6575732e-01  3.65757e-01
6.012960454e+02  3.7162210e-01  3.71622e-01
6.024986375e+02  3.7494136e-01  3.74941e-01
6.037036348e+02  3.7668928e-01  3.76689e-01
6.049110420e+02  3.7773214e-01  3.77732e-01
6.061208641e+02  3.7835618e-01  3.78356e-01
6.073331058e+02  3.7900487e-01  3.79005e-01
6.085477721e+02  3.7956682e-01  3.79567e-01
6.097648676e+02  3.8009374e-01  3.80094e-01
6.109843973e+02  3.8060401e-01  3.80604e-01
6.122063661e+02  3.8104768e-01  3.81048e-01
6.134307789e+02  3.8145483e-01  3.81455e-01
6.146576404e+02  3.8177523e-01  3.81775e-01
6.158869557e+02  3.8202730e-01  3.82027e-01
6.171187296e+02  3.8217813e-01  3.82178e-01
6.183529671e+02  3.8220099e-01  3.82201e-01
6.195896730e+02  3.8213362e-01  3.82134e-01
6.208288524e+02  3.8190380e-01  3.81904e-01
6.220705101e+02  3.8153299e-01  3.81533e-01
6.233146511e+02  3.8103086e-01  3.81031e-01
6.245612804e+02  3.8008200e-01  3.80082e-01
6.258104029e+02  3.7818115e-01  3.78181e-01
6.270620237e+02  3.7312594e-01  3.73126e-01
6.283161478e+02  3.5225055e-01  3.52251e-01
6.295727801e+02  3.6310750e-01  3.63107e-01
6.308319256e+02  3.7125232e-01  3.71252e-01
6.320935895e+02  3.6852329e-01  3.68523e-01
6.333577767e+02  3.7554107e-01  3.75541e-01
6.346244922e+02  3.7593310e-01  3.75933e-01
6.358937412e+02  3.7966522e-01  3.79665e-01
6.371655287e+02  3.8097621e-01  3.80976e-01
6.384398598e+02  3.8296573e-01  3.82966e-01
6.397167395e+02  3.8399891e-01  3.83999e-01
6.409961730e+02  3.8467570e-01  3.84676e-01
6.422781653e+02  3.8530172e-01  3.85302e-01
6.435627216e+02  3.8470738e-01  3.84707e-01
6.448498471e+02  3.8231962e-01  3.82320e-01
6.461395468e+02  3.6497477e-01  3.64975e-01
6.474318259e+02  3.4112909e-01  3.41129e-01
6.487266895e+02  3.4404346e-01  3.44043e-01
6.500241429e+02  3.6276348e-01  3.62763e-01
6.513241912e+02  3.5007699e-01  3.50077e-01
6.526268396e+02  3.6890712e-01  3.68907e-01
6.539320932e+02  3.6509773e-01  3.65098e-01
6.552399574e+02  3.6141237e-01  3.61412e-01
6.565504373e+02  3.6808626e-01  3.68086e-01
6.578635382e+02  3.7224877e-01  3.72249e-01
6.591792653e+02  3.8088918e-01  3.80889e-01
6.604976238e+02  3.8598363e-01  3.85984e-01
6.618186191e+02  3.9006428e-01  3.90064e-01
6.631422563e+02  3.9130926e-01  3.91309e-01
6.644685408e+02  3.9170716e-01  3.91707e-01
6.657974779e+02  3.9304607e-01  3.93046e-01
6.671290729e+02  3.9386693e-01  3.93867e-01
6.684633310e+02  3.9460299e-01  3.94603e-01
6.698002577e+02  3.9519113e-01  3.95191e-01
6.711398582e+02  3.9558364e-01  3.95584e-01
6.724821379e+02  3.9585600e-01  3.95856e-01
6.738271022e+02  3.9612239e-01  3.96122e-01
6.751747564e+02  3.9633934e-01  3.96339e-01
6.765251059e+02  3.9647396e-01  3.96474e-01
6.778781561e+02  3.9654633e-01  3.96546e-01
6.792339124e+02  3.9657110e-01  3.96571e-01
6.805923802e+02  3.9638911e-01  3.96389e-01
6.819535650e+02  3.9561072e-01  3.95611e-01
6.833174721e+02  3.9566827e-01  3.95668e-01
6.846841071e+02  3.9486344e-01  3.94863e-01
6.860534753e+02  3.9323676e-01  3.93237e-01
6.874255822e+02  2.6156289e-01  2.61563e-01
6.888004334e+02  3.2881763e-01  3.28818e-01
6.901780343e+02  3.4153087e-01  3.41531e-01
6.915583903e+02  3.5594993e-01  3.55950e-01
6.929415071e+02  3.2406872e-01  3.24069e-01
6.943273901e+02  3.0504819e-01  3.05048e-01
6.957160449e+02  3.2783307e-01  3.27833e-01
6.971074770e+02  3.7231309e-01  3.72313e-01
6.985016920e+02  3.4454531e-01  3.44545e-01
6.998986953e+02  3.3100014e-01  3.31000e-01
7.012984927e+02  3.2627312e-01  3.26273e-01
7.027010897e+02  3.3748092e-01  3.37481e-01
7.041064919e+02  3.5686042e-01  3.56860e-01
7.055147049e+02  3.4944606e-01  3.49446e-01
7.069257343e+02  3.5998228e-01  3.59982e-01
7.083395858e+02  3.6346965e-01  3.63470e-01
7.097562649e+02  3.6972862e-01  3.69729e-01
7.111757775e+02  3.7511983e-01  3.75120e-01
7.125981290e+02  3.7115730e-01  3.71157e-01
7.140233253e+02  3.7148040e-01  3.71480e-01
7.154513719e+02  3.4894748e-01  3.48947e-01
7.168822747e+02  2.4931994e-01  2.49320e-01
7.183160392e+02  2.0085736e-01  2.00857e-01
7.197526713e+02  1.9418550e-01  1.94185e-01
7.211921766e+02  2.6020129e-01  2.60201e-01
7.226345610e+02  3.0377663e-01  3.03777e-01
7.240798301e+02  2.1824586e-01  2.18246e-01
7.255279898e+02  2.2936668e-01  2.29367e-01
7.269790458e+02  2.3633658e-01  2.36337e-01
7.284330038e+02  2.4279359e-01  2.42794e-01
7.298898699e+02  2.2784388e-01  2.27844e-01
7.313496496e+02  2.5010524e-01  2.50105e-01
7.328123489e+02  3.1624615e-01  3.16246e-01
7.342779736e+02  3.4598359e-01  3.45984e-01
7.357465295e+02  3.2820598e-01  3.28206e-01
7.372180226e+02  3.3987501e-01  3.39875e-01
7.386924586e+02  3.5403118e-01  3.54031e-01
7.401698436e+02  3.7358705e-01  3.73587e-01
7.416501832e+02  3.8158641e-01  3.81586e-01
7.431334836e+02  3.9063253e-01  3.90633e-01
7.446197506e+02  3.9453313e-01  3.94533e-01
7.461089901e+02  3.9704144e-01  3.97041e-01
7.476012081e+02  3.9800893e-01  3.98009e-01
7.490964105e+02  3.9879603e-01  3.98796e-01
7.505946033e+02  3.9878011e-01  3.98780e-01
7.520957925e+02  3.9929307e-01  3.99293e-01
7.535999841e+02  3.9944334e-01  3.99443e-01
7.551071841e+02  3.9946144e-01  3.99461e-01
7.566173984e+02  3.9932244e-01  3.99322e-01
7.581306332e+02  3.9780085e-01  3.97801e-01
7.596468945e+02  1.9944140e-01  1.99441e-01
7.611661883e+02  1.0193328e-01  1.01933e-01
7.626885207e+02  1.6224158e-01  1.62242e-01
7.642138977e+02  1.8720364e-01  1.87204e-01
7.657423255e+02  2.6138142e-01  2.61381e-01
7.672738101e+02  3.3112026e-01  3.31120e-01
7.688083578e+02  3.7884391e-01  3.78844e-01
7.703459745e+02  3.9212075e-01  3.92121e-01
7.718866664e+02  3.9826438e-01  3.98264e-01
7.734304398e+02  3.9963627e-01  3.99636e-01
7.749773006e+02  4.0038780e-01  4.00388e-01
7.765272552e+02  4.0071476e-01  4.00715e-01
7.780803098e+02  4.0058405e-01  4.00584e-01
7.796364704e+02  4.0000866e-01  4.00009e-01
7.811957433e+02  4.0024240e-01  4.00242e-01
7.827581348e+02  3.9949274e-01  3.99493e-01
7.843236511e+02  3.9586840e-01  3.95868e-01
7.858922984e+02  3.9123900e-01  3.91239e-01
7.874640830e+02  3.7159685e-01  3.71597e-01
7.890390111e+02  3.5431908e-01  3.54319e-01
7.906170892e+02  3.5974320e-01  3.59743e-01
7.921983233e+02  3.6303705e-01  3.63037e-01
7.937827200e+02  3.8218048e-01  3.82180e-01
7.953702854e+02  3.7113437e-01  3.71134e-01
7.969610260e+02  3.4807601e-01  3.48076e-01
7.985549480e+02  3.6616938e-01  3.66169e-01
8.001520579e+02  3.3876782e-01  3.38768e-01
8.017523621e+02  3.4666662e-01  3.46667e-01
8.033558668e+02  3.4980333e-01  3.49803e-01
8.049625785e+02  3.6232357e-01  3.62324e-01
8.065725037e+02  3.7107967e-01  3.71080e-01
8.081856487e+02  3.6677942e-01  3.66779e-01
8.098020200e+02  3.4768711e-01  3.47687e-01
8.114216240e+02  3.2201617e-01  3.22016e-01
8.130444673e+02  2.6118382e-01  2.61184e-01
8.146705562e+02  2.3149627e-01  2.31496e-01
8.162998973e+02  1.9212488e-01  1.92125e-01
8.179324971e+02  2.2457094e-01  2.24571e-01
8.195683621e+02  2.2807715e-01  2.28077e-01
8.212074988e+02  3.0806485e-01  3.08065e-01
8.228499138e+02  1.8686316e-01  1.86863e-01
8.244956136e+02  2.9617195e-01  2.96172e-01
8.261446049e+02  2.9180803e-01  2.91808e-01
8.277968941e+02  2.5610506e-01  2.56105e-01
8.294524879e+02  2.6629120e-01  2.66291e-01
8.311113928e+02  2.8209672e-01  2.82097e-01
8.327736156e+02  2.9105633e-01  2.91056e-01
8.344391629e+02  3.2088862e-01  3.20889e-01
8.361080412e+02  3.2566003e-01  3.25660e-01
8.377802573e+02  3.4612831e-01  3.46128e-01
8.394558178e+02  3.5793306e-01  3.57933e-01
8.411347294e+02  3.5759648e-01  3.57596e-01
8.428169989e+02  3.7943623e-01  3.79436e-01
8.445026329e+02  3.7753918e-01  3.77539e-01
8.461916381e+02  3.9059254e-01  3.90593e-01
8.478840214e+02  3.9061955e-01  3.90620e-01
8.495797895e+02  3.8813401e-01  3.88134e-01
8.512789490e+02  3.8107695e-01  3.81077e-01
8.529815069e+02  3.8918300e-01  3.89183e-01
8.546874700e+02  3.8891530e-01  3.88915e-01
8.563968449e+02  3.9329881e-01  3.93299e-01
8.581096386e+02  3.9532109e-01  3.95321e-01
8.598258579e+02  3.9722184e-01  3.97222e-01
8.615455096e+02  3.9887554e-01  3.98876e-01
8.632686006e+02  3.9988188e-01  3.99882e-01
8.649951378e+02  4.0059699e-01  4.00597e-01
8.667251281e+02  4.0094618e-01  4.00946e-01
8.684585783e+02  4.0098583e-01  4.00986e-01
8.701954955e+02  4.0102109e-01  4.01021e-01
8.719358865e+02  4.0106598e-01  4.01066e-01
8.736797582e+02  4.0059726e-01  4.00597e-01
8.754271178e+02  3.9993477e-01  3.99935e-01
8.771779720e+02  4.0020871e-01  4.00209e-01
8.789323279e+02  3.9665348e-01  3.96653e-01
8.806901926e+02  3.9487765e-01  3.94878e-01
8.824515730e+02  3.9209162e-01  3.92092e-01
8.842164761e+02  3.9483019e-01  3.94830e-01
8.859849091e+02  3.8411920e-01  3.84119e-01
8.877568789e+02  3.8584893e-01  3.85849e-01
8.895323927e+02  3.8649898e-01  3.86499e-01
8.913114574e+02  3.7667658e-01  3.76677e-01
8.930940804e+02  3.4110259e-01  3.41103e-01
8.948802685e+02  2.7231546e-01  2.72315e-01
8.966700291e+02  2.1847031e-01  2.18470e-01
8.984633691e+02  1.7781171e-01  1.77812e-01
9.002602959e+02  2.0402889e-01  2.04029e-01
9.020608164e+02  1.9291314e-01  1.92913e-01
9.038649381e+02  2.7660448e-01  2.76604e-01
9.056726680e+02  2.5696527e-01  2.56965e-01
9.074840133e+02  1.8994737e-01  1.89947e-01
9.092989813e+02  1.7947502e-01  1.79475e-01
9.111175793e+02  2.0065761e-01  2.00658e-01
9.129398144e+02  1.6093530e-01  1.60935e-01
9.147656941e+02  1.7730291e-01  1.77303e-01
9.165952255e+02  1.8062463e-01  1.80625e-01
9.184284159e+02  1.9087279e-01  1.90873e-01
9.202652727e+02  2.5325473e-01  2.53255e-01
9.221058033e+02  2.6133197e-01  2.61332e-01
9.239500149e+02  2.0740024e-01  2.07400e-01
9.257979149e+02  2.3044157e-01  2.30442e-01
9.276495108e+02  1.6881742e-01  1.68817e-01
9.295048098e+02  8.0561744e-02  8.05617e-02
9.313638194e+02  3.9944964e-02  3.99450e-02
9.332265470e+02  1.1455395e-02  1.14554e-02
9.350930001e+02  1.2290119e-02  1.22901e-02
9.369631861e+02  1.1270860e-02  1.12709e-02
9.388371125e+02  4.1959835e-02  4.19598e-02
9.407147867e+02  4.0559807e-02  4.05598e-02
9.425962163e+02  3.3741095e-02  3.37411e-02
9.444814087e+02  3.5530590e-02  3.55306e-02
9.463703715e+02  2.2184521e-02  2.21845e-02
9.482631123e+02  4.6028871e-02  4.60289e-02
9.501596385e+02  3.7750547e-02  3.77505e-02
9.520599578e+02  3.1211058e-02  3.12111e-02
9.539640777e+02  5.2324953e-02  5.23250e-02
9.558720059e+02  5.2380070e-02  5.23801e-02
9.577837499e+02  9.1901924e-02  9.19019e-02
9.596993174e+02  5.8304425e-02  5.83044e-02
9.616187160e+02  8.3578389e-02  8.35784e-02
9.635419534e+02  1.1607031e-01  1.16070e-01
9.654690373e+02  1.0637400e-01  1.06374e-01
9.673999754e+02  1.7522736e-01  1.75227e-01
9.693347754e+02  2.2408518e-01  2.24085e-01
9.712734449e+02  2.6423588e-01  2.64236e-01
9.732159918e+02  1.9327140e-01  1.93271e-01
9.751624238e+02  1.7771217e-01  1.77712e-01
9.771127486e+02  2.2263140e-01  2.22631e-01
9.790669741e+02  2.2347861e-01  2.23479e-01
9.810251081e+02  2.5212394e-01  2.52124e-01
9.829871583e+02  2.9175230e-01  2.91752e-01
9.849531326e+02  3.0383417e-01  3.03834e-01
9.869230389e+02  3.4550487e-01  3.45505e-01
9.888968850e+02  3.5951006e-01  3.59510e-01
9.908746787e+02  3.6147254e-01  3.61473e-01
9.928564281e+02  3.6511344e-01  3.65113e-01
9.948421409e+02  3.8408352e-01  3.84084e-01
9.968318252e+02  3.8865293e-01  3.88653e-01
9.988254889e+02  3.8372529e-01  3.83725e-01
