# ------------------------------------------------------------------------
# Radiance spectrum
# NASA-GSFC Planetary Spectrum Generator (PSG) (Villanueva et al. 2018)
# Synthesized on Sat Nov 20 06:28:23 2021
# ------------------------------------------------------------------------
# Atmospheric radiances synthesized with PUMAS (Villanueva et al. 2018, Smith et al. 2009, Edwards 1992)
# Molecular abundance profile: Earth at 0 m, NASA/MERRA2 2020/04/08
# Molecules considered: H2O,CO2,O3,N2O,CO,CH4,O2,N2
# Molecular sources: HIT[1],HIT[2],HIT[3],HIT[4],HIT[5],HIT[6],HIT[7],HIT[22]
# Molecular abundances: 1,1,1,1,1,1,1,1
# Molecular abundance units: scl,scl,scl,scl,scl,scl,scl,scl
# Collissional partners: Air:100%, H2:0%, He:0%, CO2:0%
# UV cross-sections included:  H2O CO2 O3 N2O CO CH4 O2 N2
# Collision-Induced-Absorption:  H2O-H2O  H2O-N2  O2-CO2  O2-N2  O2-O2 
# Rayleigh scattering included
# ------------------------------------------------------------------------
# Doppler velocities [km/s] (vobs,vrot+vorb,vwidth,vrfl,vstr): 0.00000,0.00000,0.01000,0.00000,0.00000
# Spectral unit: Wavelength[nm]
# Radiance unit: I/F [apparent albedo]
# Wave/freq Total Earth
3.000000000e+02  6.5173655e-03  6.51737e-03
3.010000000e+02  9.2595833e-03  9.25958e-03
3.020033333e+02  1.3695142e-02  1.36951e-02
3.030100111e+02  2.1301864e-02  2.13019e-02
3.040200445e+02  2.9009156e-02  2.90092e-02
3.050334446e+02  4.3098347e-02  4.30983e-02
3.060502228e+02  5.4600543e-02  5.46005e-02
3.070703902e+02  7.4320939e-02  7.43209e-02
3.080939582e+02  9.3745923e-02  9.37459e-02
3.091209380e+02  1.1019857e-01  1.10199e-01
3.101513411e+02  1.4346043e-01  1.43460e-01
3.111851789e+02  1.6052523e-01  1.60525e-01
3.122224629e+02  1.9277851e-01  1.92779e-01
3.132632044e+02  2.1250932e-01  2.12509e-01
3.143074151e+02  2.4397352e-01  2.43974e-01
3.153551065e+02  2.5783117e-01  2.57831e-01
3.164062902e+02  2.8898958e-01  2.88990e-01
3.174609778e+02  2.9841487e-01  2.98415e-01
3.185191811e+02  3.3782254e-01  3.37823e-01
3.195809117e+02  3.4226356e-01  3.42264e-01
3.206461814e+02  3.6832088e-01  3.68321e-01
3.217150020e+02  3.8629169e-01  3.86292e-01
3.227873853e+02  3.7341530e-01  3.73415e-01
3.238633433e+02  4.1445783e-01  4.14458e-01
3.249428877e+02  3.9256493e-01  3.92565e-01
3.260260307e+02  4.2052344e-01  4.20523e-01
3.271127841e+02  4.3071765e-01  4.30718e-01
3.282031601e+02  4.1485320e-01  4.14853e-01
3.292971706e+02  4.4906165e-01  4.49062e-01
3.303948279e+02  4.4093354e-01  4.40934e-01
3.314961440e+02  4.3926691e-01  4.39267e-01
3.326011311e+02  4.5669268e-01  4.56693e-01
3.337098015e+02  4.4898228e-01  4.48982e-01
3.348221675e+02  4.5682273e-01  4.56823e-01
3.359382414e+02  4.6083108e-01  4.60831e-01
3.370580356e+02  4.5308034e-01  4.53080e-01
3.381815624e+02  4.5799921e-01  4.57999e-01
3.393088342e+02  4.6094057e-01  4.60941e-01
3.404398637e+02  4.5763325e-01  4.57633e-01
3.415746632e+02  4.6073758e-01  4.60738e-01
3.427132454e+02  4.6002435e-01  4.60024e-01
3.438556229e+02  4.5658596e-01  4.56586e-01
3.450018083e+02  4.5797237e-01  4.57972e-01
3.461518144e+02  4.5928654e-01  4.59287e-01
3.473056537e+02  4.5851766e-01  4.58518e-01
3.484633392e+02  4.5864563e-01  4.58646e-01
3.496248837e+02  4.5810456e-01  4.58105e-01
3.507903000e+02  4.5698247e-01  4.56982e-01
3.519596010e+02  4.5577949e-01  4.55779e-01
3.531327997e+02  4.5576383e-01  4.55764e-01
3.543099090e+02  4.5515402e-01  4.55154e-01
3.554909420e+02  4.5423562e-01  4.54236e-01
3.566759118e+02  4.5307918e-01  4.53079e-01
3.578648315e+02  4.5144906e-01  4.51449e-01
3.590577143e+02  4.4938272e-01  4.49383e-01
3.602545734e+02  4.4750116e-01  4.47501e-01
3.614554219e+02  4.4756678e-01  4.47567e-01
3.626602733e+02  4.4912915e-01  4.49129e-01
3.638691409e+02  4.4987171e-01  4.49872e-01
3.650820381e+02  4.4969085e-01  4.49691e-01
3.662989782e+02  4.4929093e-01  4.49291e-01
3.675199748e+02  4.4873514e-01  4.48735e-01
3.687450414e+02  4.4812314e-01  4.48123e-01
3.699741915e+02  4.4754788e-01  4.47548e-01
3.712074388e+02  4.4696404e-01  4.46964e-01
3.724447969e+02  4.4638038e-01  4.46380e-01
3.736862796e+02  4.4578227e-01  4.45782e-01
3.749319005e+02  4.4515733e-01  4.45157e-01
3.761816735e+02  4.4439490e-01  4.44395e-01
3.774356124e+02  4.4337495e-01  4.43375e-01
3.786937311e+02  4.4178930e-01  4.41789e-01
3.799560436e+02  4.4043733e-01  4.40437e-01
3.812225637e+02  4.4011576e-01  4.40116e-01
3.824933056e+02  4.4079779e-01  4.40798e-01
3.837682833e+02  4.4103252e-01  4.41033e-01
3.850475109e+02  4.4090491e-01  4.40905e-01
3.863310026e+02  4.4049523e-01  4.40495e-01
3.876187726e+02  4.4000729e-01  4.40007e-01
3.889108352e+02  4.3949765e-01  4.39498e-01
3.902072046e+02  4.3892382e-01  4.38924e-01
3.915078953e+02  4.3844866e-01  4.38449e-01
3.928129216e+02  4.3796846e-01  4.37968e-01
3.941222980e+02  4.3756008e-01  4.37560e-01
3.954360390e+02  4.3702339e-01  4.37023e-01
3.967541592e+02  4.3604050e-01  4.36041e-01
3.980766730e+02  4.3554131e-01  4.35541e-01
3.994035953e+02  4.3521714e-01  4.35217e-01
4.007349406e+02  4.3503609e-01  4.35036e-01
4.020707237e+02  4.3472964e-01  4.34730e-01
4.034109595e+02  4.3436733e-01  4.34367e-01
4.047556627e+02  4.3399659e-01  4.33997e-01
4.061048482e+02  4.3359624e-01  4.33596e-01
4.074585310e+02  4.3316013e-01  4.33160e-01
4.088167261e+02  4.3272891e-01  4.32729e-01
4.101794486e+02  4.3232223e-01  4.32322e-01
4.115467134e+02  4.3192813e-01  4.31928e-01
4.129185358e+02  4.3151480e-01  4.31515e-01
4.142949309e+02  4.3107930e-01  4.31079e-01
4.156759140e+02  4.3038543e-01  4.30385e-01
4.170615004e+02  4.2985996e-01  4.29860e-01
4.184517054e+02  4.2967459e-01  4.29675e-01
4.198465444e+02  4.2945609e-01  4.29456e-01
4.212460329e+02  4.2915769e-01  4.29158e-01
4.226501863e+02  4.2877409e-01  4.28774e-01
4.240590203e+02  4.2834826e-01  4.28348e-01
4.254725503e+02  4.2788740e-01  4.27887e-01
4.268907922e+02  4.2749111e-01  4.27491e-01
4.283137615e+02  4.2724797e-01  4.27248e-01
4.297414740e+02  4.2693759e-01  4.26938e-01
4.311739456e+02  4.2661561e-01  4.26616e-01
4.326111921e+02  4.2621639e-01  4.26216e-01
4.340532294e+02  4.2586746e-01  4.25867e-01
4.355000735e+02  4.2555672e-01  4.25557e-01
4.369517404e+02  4.2521485e-01  4.25215e-01
4.384082462e+02  4.2470494e-01  4.24705e-01
4.398696070e+02  4.2403586e-01  4.24036e-01
4.413358390e+02  4.2277996e-01  4.22780e-01
4.428069585e+02  4.2033363e-01  4.20334e-01
4.442829817e+02  4.2095152e-01  4.20952e-01
4.457639250e+02  4.2033685e-01  4.20337e-01
4.472498047e+02  4.2116289e-01  4.21163e-01
4.487406374e+02  4.2171833e-01  4.21718e-01
4.502364395e+02  4.2170864e-01  4.21709e-01
4.517372277e+02  4.2151292e-01  4.21513e-01
4.532430184e+02  4.2127941e-01  4.21279e-01
4.547538285e+02  4.2095010e-01  4.20950e-01
4.562696746e+02  4.2046111e-01  4.20461e-01
4.577905735e+02  4.1988043e-01  4.19880e-01
4.593165421e+02  4.1925646e-01  4.19256e-01
4.608475972e+02  4.1872426e-01  4.18724e-01
4.623837559e+02  4.1838149e-01  4.18381e-01
4.639250351e+02  4.1825766e-01  4.18258e-01
4.654714518e+02  4.1802206e-01  4.18022e-01
4.670230233e+02  4.1726099e-01  4.17261e-01
4.685797668e+02  4.1622405e-01  4.16224e-01
4.701416993e+02  4.1489994e-01  4.14900e-01
4.717088383e+02  4.1433817e-01  4.14338e-01
4.732812011e+02  4.1319306e-01  4.13193e-01
4.748588051e+02  4.1182481e-01  4.11825e-01
4.764416678e+02  4.0915890e-01  4.09159e-01
4.780298067e+02  4.0861877e-01  4.08619e-01
4.796232394e+02  4.1006186e-01  4.10062e-01
4.812219835e+02  4.1133273e-01  4.11333e-01
4.828260568e+02  4.1201675e-01  4.12017e-01
4.844354770e+02  4.1186136e-01  4.11861e-01
4.860502619e+02  4.1178152e-01  4.11782e-01
4.876704294e+02  4.1169212e-01  4.11692e-01
4.892959975e+02  4.1151475e-01  4.11515e-01
4.909269842e+02  4.1137410e-01  4.11374e-01
4.925634075e+02  4.1115769e-01  4.11158e-01
4.942052855e+02  4.1104755e-01  4.11048e-01
4.958526365e+02  4.1072541e-01  4.10725e-01
4.975054786e+02  4.1002362e-01  4.10024e-01
4.991638302e+02  4.0850298e-01  4.08503e-01
5.008277096e+02  4.0610566e-01  4.06106e-01
5.024971353e+02  4.0123356e-01  4.01234e-01
5.041721258e+02  3.9075923e-01  3.90759e-01
5.058526995e+02  3.9570011e-01  3.95700e-01
5.075388752e+02  3.9454207e-01  3.94542e-01
5.092306714e+02  3.9898324e-01  3.98983e-01
5.109281070e+02  4.0268418e-01  4.02684e-01
5.126312007e+02  4.0409379e-01  4.04094e-01
5.143399713e+02  4.0428866e-01  4.04289e-01
5.160544379e+02  4.0391177e-01  4.03912e-01
5.177746194e+02  4.0349419e-01  4.03494e-01
5.195005348e+02  4.0297600e-01  4.02976e-01
5.212322032e+02  4.0232632e-01  4.02326e-01
5.229696439e+02  4.0123695e-01  4.01237e-01
5.247128761e+02  3.9911416e-01  3.99114e-01
5.264619190e+02  3.9829085e-01  3.98291e-01
5.282167920e+02  3.9705690e-01  3.97057e-01
5.299775147e+02  3.9570628e-01  3.95706e-01
5.317441064e+02  3.9498707e-01  3.94987e-01
5.335165867e+02  3.9469003e-01  3.94690e-01
5.352949754e+02  3.9484269e-01  3.94843e-01
5.370792920e+02  3.9485909e-01  3.94859e-01
5.388695563e+02  3.9396556e-01  3.93966e-01
5.406657881e+02  3.8984013e-01  3.89840e-01
5.424680074e+02  3.8815499e-01  3.88155e-01
5.442762341e+02  3.8782136e-01  3.87821e-01
5.460904882e+02  3.8681327e-01  3.86813e-01
5.479107898e+02  3.8932509e-01  3.89325e-01
5.497371591e+02  3.8975975e-01  3.89760e-01
5.515696163e+02  3.9049565e-01  3.90496e-01
5.534081817e+02  3.9042992e-01  3.90430e-01
5.552528757e+02  3.8992201e-01  3.89922e-01
5.571037186e+02  3.8902680e-01  3.89027e-01
5.589607310e+02  3.8774928e-01  3.87749e-01
5.608239334e+02  3.8622073e-01  3.86221e-01
5.626933465e+02  3.8478356e-01  3.84784e-01
5.645689910e+02  3.8329900e-01  3.83299e-01
5.664508876e+02  3.8112574e-01  3.81126e-01
5.683390573e+02  3.7175330e-01  3.71753e-01
5.702335208e+02  3.6966645e-01  3.69666e-01
5.721342992e+02  3.6629559e-01  3.66296e-01
5.740414135e+02  3.6529019e-01  3.65290e-01
5.759548849e+02  3.6667261e-01  3.66673e-01
5.778747345e+02  3.6726279e-01  3.67263e-01
5.798009836e+02  3.7218354e-01  3.72184e-01
5.817336536e+02  3.7641174e-01  3.76412e-01
5.836727658e+02  3.7856077e-01  3.78561e-01
5.856183417e+02  3.7550147e-01  3.75501e-01
5.875704028e+02  3.5558760e-01  3.55588e-01
5.895289708e+02  3.1741337e-01  3.17413e-01
5.914940674e+02  3.2792774e-01  3.27928e-01
5.934657143e+02  3.3398568e-01  3.33986e-01
5.954439333e+02  3.3657523e-01  3.36575e-01
5.974287464e+02  3.4981971e-01  3.49820e-01
5.994201756e+02  3.6183393e-01  3.61834e-01
6.014182428e+02  3.7211440e-01  3.72114e-01
6.034229703e+02  3.7618332e-01  3.76183e-01
6.054343802e+02  3.7795383e-01  3.77954e-01
6.074524948e+02  3.7906589e-01  3.79066e-01
6.094773365e+02  3.7996232e-01  3.79962e-01
6.115089276e+02  3.8078818e-01  3.80788e-01
6.135472907e+02  3.8149068e-01  3.81491e-01
6.155924483e+02  3.8194533e-01  3.81945e-01
6.176444231e+02  3.8217477e-01  3.82175e-01
6.197032379e+02  3.8212247e-01  3.82122e-01
6.217689153e+02  3.8158380e-01  3.81584e-01
6.238414784e+02  3.8059286e-01  3.80593e-01
6.259209500e+02  3.7792942e-01  3.77929e-01
6.280073531e+02  3.6238137e-01  3.62381e-01
6.301007110e+02  3.6741351e-01  3.67414e-01
6.322010467e+02  3.6845532e-01  3.68455e-01
6.343083835e+02  3.7639971e-01  3.76400e-01
6.364227448e+02  3.8014912e-01  3.80149e-01
6.385441539e+02  3.8311524e-01  3.83115e-01
6.406726345e+02  3.8444455e-01  3.84445e-01
6.428082099e+02  3.8495562e-01  3.84956e-01
6.449509039e+02  3.8190680e-01  3.81907e-01
6.471007403e+02  3.5190348e-01  3.51903e-01
6.492577428e+02  3.5399181e-01  3.53992e-01
6.514219352e+02  3.4932451e-01  3.49325e-01
6.535933417e+02  3.6728201e-01  3.67282e-01
6.557719861e+02  3.6508034e-01  3.65080e-01
6.579578928e+02  3.7256730e-01  3.72567e-01
6.601510857e+02  3.8447821e-01  3.84478e-01
6.623515894e+02  3.9028241e-01  3.90282e-01
6.645594280e+02  3.9173525e-01  3.91735e-01
6.667746261e+02  3.9364536e-01  3.93645e-01
6.689972082e+02  3.9482141e-01  3.94821e-01
6.712271989e+02  3.9560843e-01  3.95608e-01
6.734646229e+02  3.9603986e-01  3.96040e-01
6.757095049e+02  3.9638248e-01  3.96382e-01
6.779618700e+02  3.9655060e-01  3.96551e-01
6.802217429e+02  3.9640515e-01  3.96405e-01
6.824891487e+02  3.9569074e-01  3.95691e-01
6.847641125e+02  3.9481246e-01  3.94812e-01
6.870466595e+02  3.2406406e-01  3.24064e-01
6.893368151e+02  3.3673806e-01  3.36738e-01
6.916346045e+02  3.5677288e-01  3.56773e-01
6.939400531e+02  3.1590210e-01  3.15902e-01
6.962531866e+02  3.4880808e-01  3.48808e-01
6.985740306e+02  3.4283530e-01  3.42835e-01
7.009026107e+02  3.2962660e-01  3.29627e-01
7.032389527e+02  3.4636033e-01  3.46360e-01
7.055830826e+02  3.4899286e-01  3.48993e-01
7.079350262e+02  3.6298991e-01  3.62990e-01
7.102948096e+02  3.7181509e-01  3.71815e-01
7.126624590e+02  3.7094840e-01  3.70948e-01
7.150380005e+02  3.4939773e-01  3.49398e-01
7.174214605e+02  2.3349073e-01  2.33491e-01
7.198128654e+02  1.9401585e-01  1.94016e-01
7.222122416e+02  2.8107406e-01  2.81074e-01
7.246196157e+02  2.2754250e-01  2.27542e-01
7.270350145e+02  2.3657519e-01  2.36575e-01
7.294584645e+02  2.3853895e-01  2.38539e-01
7.318899927e+02  2.8114461e-01  2.81145e-01
7.343296260e+02  3.4693782e-01  3.46938e-01
7.367773914e+02  3.3589891e-01  3.35899e-01
7.392333161e+02  3.6179090e-01  3.61791e-01
7.416974271e+02  3.8181580e-01  3.81816e-01
7.441697519e+02  3.9329842e-01  3.93298e-01
7.466503177e+02  3.9716027e-01  3.97160e-01
7.491391521e+02  3.9881842e-01  3.98818e-01
7.516362826e+02  3.9907810e-01  3.99078e-01
7.541417369e+02  3.9941529e-01  3.99415e-01
7.566555427e+02  3.9931865e-01  3.99319e-01
7.591777278e+02  2.8183384e-01  2.81834e-01
7.617083203e+02  1.4828411e-01  1.48284e-01
7.642473480e+02  1.8768252e-01  1.87683e-01
7.667948392e+02  3.0622006e-01  3.06220e-01
7.693508220e+02  3.7811048e-01  3.78110e-01
7.719153247e+02  3.9837267e-01  3.98373e-01
7.744883758e+02  4.0010474e-01  4.00105e-01
7.770700037e+02  4.0059134e-01  4.00591e-01
7.796602370e+02  3.9999939e-01  3.99999e-01
7.822591045e+02  3.9947430e-01  3.99474e-01
7.848666349e+02  3.9400571e-01  3.94006e-01
7.874828570e+02  3.7134909e-01  3.71349e-01
7.901077998e+02  3.5762724e-01  3.57627e-01
7.927414925e+02  3.7148734e-01  3.71487e-01
7.953839641e+02  3.7102008e-01  3.71020e-01
7.980352440e+02  3.5620631e-01  3.56206e-01
8.006953615e+02  3.4375155e-01  3.43752e-01
8.033643460e+02  3.4981722e-01  3.49817e-01
8.060422272e+02  3.6682385e-01  3.66824e-01
8.087290346e+02  3.5769472e-01  3.57695e-01
8.114247981e+02  3.2196493e-01  3.21965e-01
8.141295474e+02  2.4163000e-01  2.41630e-01
8.168433125e+02  2.1234135e-01  2.12341e-01
8.195661236e+02  2.2807559e-01  2.28076e-01
8.222980107e+02  2.4849906e-01  2.48499e-01
8.250390040e+02  2.9154151e-01  2.91542e-01
8.277891340e+02  2.5628055e-01  2.56281e-01
8.305484312e+02  2.7666251e-01  2.76663e-01
8.333169259e+02  3.0337749e-01  3.03377e-01
8.360946490e+02  3.2563653e-01  3.25637e-01
8.388816312e+02  3.5382783e-01  3.53828e-01
8.416779033e+02  3.6725348e-01  3.67253e-01
8.444834963e+02  3.7758088e-01  3.77581e-01
8.472984413e+02  3.9074081e-01  3.90741e-01
8.501227694e+02  3.8512456e-01  3.85125e-01
8.529565120e+02  3.8904780e-01  3.89048e-01
8.557997004e+02  3.9144752e-01  3.91448e-01
8.586523660e+02  3.9574546e-01  3.95745e-01
8.615145406e+02  3.9884604e-01  3.98846e-01
8.643862557e+02  4.0032167e-01  4.00322e-01
8.672675432e+02  4.0089189e-01  4.00892e-01
8.701584350e+02  4.0102037e-01  4.01020e-01
8.730589632e+02  4.0078843e-01  4.00788e-01
8.759691597e+02  4.0015968e-01  4.00160e-01
8.788890569e+02  3.9674824e-01  3.96748e-01
8.818186871e+02  3.9318670e-01  3.93187e-01
8.847580827e+02  3.8974902e-01  3.89749e-01
8.877072763e+02  3.8577420e-01  3.85774e-01
8.906663006e+02  3.7846981e-01  3.78470e-01
8.936351882e+02  3.1356350e-01  3.13563e-01
8.966139722e+02  2.2012489e-01  2.20125e-01
8.996026854e+02  1.9219211e-01  1.92192e-01
9.026013611e+02  2.3092691e-01  2.30927e-01
9.056100323e+02  2.5791462e-01  2.57915e-01
9.086287324e+02  1.8217271e-01  1.82173e-01
9.116574948e+02  1.8044175e-01  1.80442e-01
9.146963531e+02  1.7651888e-01  1.76519e-01
9.177453410e+02  1.8843314e-01  1.88433e-01
9.208044921e+02  2.4950122e-01  2.49501e-01
9.238738404e+02  2.0980274e-01  2.09803e-01
9.269534199e+02  1.9425215e-01  1.94252e-01
9.300432646e+02  7.5914779e-02  7.59148e-02
9.331434088e+02  1.2704106e-02  1.27041e-02
9.362538869e+02  1.2673252e-02  1.26733e-02
9.393747332e+02  3.7943131e-02  3.79431e-02
9.425059823e+02  3.4079403e-02  3.40794e-02
9.456476689e+02  2.8844121e-02  2.88441e-02
9.487998278e+02  4.0434557e-02  4.04346e-02
9.519624939e+02  3.1532707e-02  3.15327e-02
9.551357022e+02  5.3594973e-02  5.35950e-02
9.583194879e+02  7.2064583e-02  7.20646e-02
9.615138861e+02  8.1948395e-02  8.19484e-02
9.647189324e+02  1.1397329e-01  1.13973e-01
9.679346622e+02  1.9021798e-01  1.90218e-01
9.711611111e+02  2.6192944e-01  2.61929e-01
9.743983148e+02  1.8346572e-01  1.83466e-01
9.776463092e+02  2.1838441e-01  2.18384e-01
9.809051302e+02  2.5022942e-01  2.50229e-01
9.841748140e+02  3.0048971e-01  3.00490e-01
9.874553967e+02  3.4613706e-01  3.46137e-01
9.907469147e+02  3.6139050e-01  3.61391e-01
9.940494044e+02  3.7554458e-01  3.75545e-01
9.973629024e+02  3.8450886e-01  3.84509e-01
